8.42|20.11|22.32|9.39 |175| 0:0	1/1/2000	Male| Dang Chan
8.62|20.12|21.99|9.48|
8.90|20.11|21.59|9.60|
9.21|20.03|21.15|9.83|
9.45|19.86|20.72|10.14|
9.62|19.68|20.38|10.44|
9.72|19.51|20.18|10.69|
9.74|19.35|20.14|10.88|
9.72|19.18|20.17|11.03|
9.64|18.97|20.26|11.19|
9.53|18.75|20.44|11.33|
9.39|18.54|20.67|11.46|
9.25|18.33|20.91|11.56|
9.13|18.14|21.16|11.65|
9.08|17.99|21.32|11.74|
9.11|17.87|21.35|11.83|
9.20|17.80|21.27|11.92|
9.33|17.79|21.11|11.98|
9.46|17.78|20.91|12.05|
9.57|17.76|20.73|12.13|
9.69|17.73|20.53|12.23|
9.80|17.69|20.35|12.34|
9.90|17.65|20.18|12.43|
10.00|17.64|20.01|12.51|
10.04|17.60|19.91|12.57|
10.01|17.53|19.95|12.63|
9.95|17.41|20.06|12.72|
9.88|17.28|20.18|12.81|
9.84|17.18|20.26|12.89|
9.83|17.13|20.26|12.94|
9.80|17.09|20.28|12.96|
9.72|17.05|20.38|12.97|
9.59|16.96|20.57|13.01|
9.38|16.79|20.88|13.10|
9.14|16.60|21.20|13.21|
9.00|16.46|21.39|13.32|
8.95|16.40|21.42|13.37|
8.96|16.40|21.37|13.39|
8.98|16.39|21.31|13.43|
8.97|16.35|21.31|13.51|
8.97|16.26|21.29|13.61|
9.01|16.18|21.22|13.72|
9.09|16.13|21.08|13.81|
9.24|16.13|20.88|13.87|
9.38|16.13|20.71|13.92|
9.41|16.09|20.67|13.99|
9.36|16.00|20.72|14.10|
9.33|15.87|20.73|14.24|
9.33|15.76|20.69|14.37|
9.33|15.66|20.67|14.46|
9.31|15.59|20.68|14.54|
9.30|15.54|20.67|14.59|
9.33|15.55|20.59|14.59|
9.42|15.65|20.42|14.51|
9.56|15.86|20.13|14.39|
9.78|16.13|19.75|14.29|
10.03|16.38|19.35|14.18|
10.24|16.62|19.02|14.07|
10.41|16.85|18.75|13.97|
10.55|17.06|18.52|13.88|
10.66|17.22|18.34|13.82|
10.71|17.32|18.29|13.78|
10.69|17.34|18.33|13.77|
10.62|17.27|18.49|13.81|
10.50|17.12|18.74|13.84|
10.36|16.98|19.02|13.81|
10.23|16.89|19.27|13.76|
10.12|16.84|19.47|13.69|
10.04|16.81|19.65|13.60|
9.97|16.82|19.81|13.49|
9.90|16.85|19.98|13.36|
9.80|16.88|20.20|13.25|
9.66|16.89|20.44|13.19|
9.54|16.89|20.57|13.17|
9.49|16.88|20.59|13.20|
9.50|16.85|20.56|13.27|
9.50|16.77|20.57|13.37|
9.48|16.67|20.61|13.48|
9.45|16.53|20.64|13.63|
9.44|16.38|20.64|13.79|
9.46|16.23|20.54|13.93|
9.57|16.15|20.31|14.04|
9.74|16.13|20.05|14.11|
9.89|16.13|19.85|14.13|
10.00|16.14|19.73|14.08|
10.06|16.19|19.67|13.98|
10.11|16.30|19.63|13.82|
10.18|16.46|19.55|13.65|
10.26|16.66|19.44|13.48|
10.33|16.86|19.37|13.30|
10.37|17.04|19.34|13.13|
10.39|17.21|19.35|12.96|
10.43|17.40|19.31|12.82|
10.52|17.57|19.18|12.72|
10.62|17.71|19.02|12.67|
10.71|17.81|18.88|12.65|
10.77|17.88|18.79|12.66|
10.79|17.90|18.74|12.67|
10.81|17.92|18.71|12.67|
10.87|17.96|18.62|12.67|
10.96|18.03|18.47|12.66|
11.03|18.10|18.34|12.65|
11.05|18.12|18.29|12.64|
11.01|18.13|18.33|12.62|
10.94|18.11|18.44|12.64|
10.85|18.03|18.56|12.71|
10.80|17.92|18.63|12.80|
10.78|17.82|18.68|12.88|
10.75|17.72|18.72|12.94|
10.72|17.64|18.77|13.01|
10.69|17.55|18.81|13.09|
10.70|17.47|18.80|13.16|
10.73|17.42|18.75|13.20|
10.79|17.44|18.66|13.20|
10.91|17.54|18.51|13.10|
11.10|17.78|18.26|12.91|
11.28|18.08|17.97|12.74|
11.41|18.31|17.71|12.66|
11.50|18.45|17.52|12.63|
11.52|18.50|17.43|12.64|
11.46|18.47|17.44|12.70|
11.36|18.35|17.58|12.79|
11.27|18.21|17.76|12.89|
11.20|18.06|17.89|13.00|
11.12|17.89|17.98|13.14|
11.00|17.66|18.13|13.31|
10.85|17.40|18.36|13.44|
10.71|17.20|18.61|13.48|
10.62|17.09|18.82|13.45|
10.58|17.08|18.95|13.37|
10.62|17.17|18.99|13.24|
10.69|17.33|18.91|13.10|
10.79|17.52|18.72|12.95|
10.87|17.71|18.58|12.80|
10.91|17.89|18.54|12.69|
10.93|18.02|18.54|12.63|
10.96|18.10|18.50|12.62|
10.99|18.14|18.46|12.66|
11.01|18.12|18.46|12.76|
10.96|17.99|18.58|12.90|
10.83|17.79|18.78|13.06|
10.70|17.58|18.90|13.19|
10.60|17.41|19.02|13.33|
10.52|17.24|19.13|13.46|
10.49|17.11|19.13|13.56|
10.52|17.07|19.04|13.57|
10.60|17.13|18.87|13.52|
10.72|17.26|18.64|13.43|
10.87|17.44|18.36|13.31|
11.07|17.63|17.99|13.19|
11.29|17.84|17.67|13.09|
11.44|18.01|17.53|13.05|
11.52|18.08|17.46|13.04|
11.58|18.12|17.37|13.05|
11.63|18.12|17.31|13.09|
11.65|18.05|17.29|13.18|
11.65|17.91|17.33|13.32|
11.63|17.76|17.39|13.47|
11.61|17.61|17.42|13.60|
11.59|17.50|17.42|13.71|
11.60|17.43|17.35|13.77|
11.65|17.41|17.23|13.82|
11.70|17.40|17.14|13.85|
11.72|17.37|17.11|13.89|
11.74|17.33|17.10|13.95|
11.75|17.27|17.08|14.03|
11.77|17.20|17.07|14.10|
11.76|17.12|17.08|14.14|
11.76|17.08|17.09|14.16|
11.78|17.07|17.07|14.16|
11.81|17.09|17.02|14.16|
11.87|17.13|16.93|14.14|
11.94|17.21|16.81|14.10|
12.02|17.32|16.66|14.04|
12.09|17.44|16.52|13.96|
12.14|17.57|16.42|13.87|
12.17|17.72|16.34|13.79|
12.19|17.84|16.28|13.76|
12.18|17.87|16.27|13.79|
12.15|17.84|16.31|13.86|
12.08|17.74|16.41|13.94|
11.95|17.57|16.63|14.02|
11.80|17.40|16.88|14.07|
11.67|17.26|17.09|14.10|
11.57|17.15|17.26|14.12|
11.53|17.08|17.36|14.10|
11.52|17.05|17.40|13.97|
11.55|17.12|17.39|13.77|
11.60|17.30|17.35|13.57|
11.65|17.50|17.32|13.40|
11.71|17.68|17.27|13.27|
11.78|17.84|17.18|13.22|
11.80|17.90|17.14|13.28|
11.77|17.85|17.17|13.38|
11.68|17.70|17.30|13.46|
11.53|17.53|17.53|13.55|
11.30|17.31|17.87|13.72|
11.04|17.01|18.29|13.92|
10.78|16.65|18.72|14.07|
10.57|16.35|19.08|14.14|
10.44|16.15|19.34|14.10|
10.39|16.10|19.45|13.95|
10.46|16.29|19.41|13.70|
10.56|16.56|19.27|13.46|
10.66|16.80|19.09|13.28|
10.72|16.98|18.96|13.15|
10.79|17.17|18.89|13.03|
10.94|17.39|18.71|12.93|
11.10|17.60|18.44|12.86|
11.25|17.77|18.17|12.87|
11.34|17.83|17.95|12.97|
11.32|17.76|17.88|13.13|
11.19|17.50|18.09|13.35|
11.02|17.18|18.39|13.56|
10.85|16.91|18.72|13.71|
10.76|16.75|18.91|13.81|
10.70|16.60|18.95|13.92|
10.61|16.42|19.03|14.06|
10.48|16.20|19.21|14.19|
10.34|16.01|19.40|14.28|
10.24|15.89|19.53|14.34|
10.25|15.86|19.52|14.37|
10.38|15.90|19.27|14.38|
10.54|16.01|18.96|14.35|
10.66|16.13|18.71|14.33|
10.73|16.21|18.60|14.33|
10.76|16.26|18.57|14.33|
10.80|16.31|18.51|14.33|
10.85|16.36|18.40|14.32|
10.88|16.42|18.33|14.30|
10.87|16.44|18.38|14.28|
10.80|16.44|18.51|14.26|
10.69|16.42|18.69|14.25|
10.59|16.38|18.85|14.26|
10.57|16.35|18.93|14.29|
10.60|16.33|18.88|14.33|
10.62|16.30|18.84|14.34|
10.59|16.26|18.87|14.34|
10.58|16.24|18.87|14.36|
10.64|16.24|18.79|14.42|
10.70|16.22|18.69|14.51|
10.71|16.14|18.68|14.61|
10.68|16.03|18.74|14.72|
10.62|15.90|18.82|14.83|
10.58|15.76|18.87|14.95|
10.55|15.61|18.90|15.08|
10.55|15.49|18.90|15.24|
10.56|15.36|18.89|15.41|
10.49|15.20|18.98|15.54|
10.34|15.01|19.20|15.65|
10.19|14.84|19.42|15.74|
10.06|14.70|19.60|15.85|
9.94|14.55|19.74|15.97|
9.82|14.41|19.87|16.05|
9.70|14.30|20.02|16.12|
9.61|14.23|20.10|16.16|
9.58|14.19|20.12|16.17|
9.55|14.18|20.14|16.16|
9.56|14.20|20.12|16.16|
9.60|14.22|20.06|16.17|
9.66|14.23|19.96|16.18|
9.76|14.27|19.79|16.16|
9.90|14.36|19.58|16.13|
10.04|14.44|19.39|16.10|
10.19|14.52|19.20|16.06|
10.35|14.60|19.07|16.01|
10.50|14.70|18.90|15.95|
10.67|14.82|18.67|15.89|
10.81|14.94|18.46|15.82|
10.92|15.06|18.29|15.73|
11.02|15.18|18.16|15.64|
11.11|15.30|18.06|15.54|
11.18|15.43|17.96|15.45|
11.25|15.55|17.86|15.35|
11.33|15.69|17.75|15.26|
11.39|15.82|17.63|15.18|
11.40|15.91|17.56|15.13|
11.42|15.97|17.53|15.11|
11.44|16.01|17.50|15.11|
11.43|16.01|17.48|15.16|
11.41|15.98|17.49|15.23|
11.36|15.91|17.53|15.31|
11.32|15.82|17.58|15.41|
11.30|15.74|17.59|15.51|
11.29|15.64|17.57|15.61|
11.25|15.53|17.59|15.71|
11.17|15.40|17.67|15.81|
11.05|15.26|17.83|15.90|
10.94|15.13|18.01|15.97|
10.87|15.03|18.14|16.03|
10.82|14.95|18.21|16.09|
10.76|14.86|18.28|16.16|
10.65|14.75|18.44|16.25|
10.49|14.61|18.63|16.36|
10.31|14.46|18.83|16.48|
10.17|14.31|18.96|16.60|
10.10|14.18|19.01|16.70|
10.09|14.09|18.98|16.77|
10.12|14.03|18.90|16.81|
10.16|14.02|18.84|16.83|
